character: amp_humanoid_sword_shield.xml
task: HumanoidLocation
numEnvs: 4096
episodeLength: 300
enableEarlyTermination: false
numGames: 4096
GamesPlayed: 4096
initState: Default
tar_change_step: 200
evaluation:
  total_successes: 8788.0
  total_failures: 5.0
  total_tasks: 8793.0
  average_completion_time: 176.5435821574875
  success_rate: 0.9994313658592062
  failure_rate: 0.0005686341407937778
  av_reward: 27.819007873535156
  av steps: 60.0
