character: amp_humanoid_sword_shield.xml
task: HumanoidReach
numEnvs: 4096
episodeLength: 300
enableEarlyTermination: false
numGames: 4096
GamesPlayed: 4096
initState: Default
tar_change_step: 100
evaluation:
  total_successes: 41964.0
  total_failures: 3687.0
  total_tasks: 45651.0
  average_completion_time: 139.84403298065007
  success_rate: 0.9192350660445554
  failure_rate: 0.0807649339554446
  av_reward: 19.384990692138672
  av steps: 60.0
